30 60
11111111111111111111111111111111111111111111111111111111111111
11111111111111111111111111111111111111111111111111111111111111
11111111111111111111111111111111111111111111111111111111111111
11111111111111111111111111111111111111111111111111111111111111
11111111111111111111111111111111111111111111111111111111111111
11111111111111111111111111111111111111111111111111111111111111
11111111111111111111111111111111111111111111111111111111111111
11111111111111111111111111111111111111111111111111111111111111
11111111111111111111111111111111111111111111111111111111111111
11111111111111111111111111111111111111111111111111111111111111
11111111111111111111111111111111111111111111111111111111111111
11111111111111111111111111111111111111111111111111111111111111
11111111111111111111111111111111111111111111111111111111111111
11111111111111111111111111111111111111111111111111111111111111
11111111111111111111111111111111111111111111111111111111111111
11111111111111111111111111111111111111111111111111111111111111
11111111111111111111111111111111111111111111111111111111111111
11111111111111A11111111111111111111111111111111111111111111111
11111111111111111111111111111111111111111111111111111111111111
11111111111111111111111111111111111111111111111111111111111111
11111111111111111111111111111111111111111111111111111111111111
11111111111111111111111111111111111111111111111111111111111111
11111111111111111111111111111111111111111111111111111111111111
11111111111111111111111111111111111111111111111111111111111111
11111111111111111111111111111111111111111111111111111111111111
11111111111111111111111111111111111111111111111111111111111111
11111111111111111111111111111111111111111111111111111111111111
11111111111111111111111111111111111111111111111111111111111111
11111111111111111111111111111111111111111111111111111111111111
111111111111B1111111111111111111111111111111111111111111111111
